1324
1264
1250
1303
1304
1312
1357
1248
1354
1339
1336
1331
1368
1220
1297
1320
1454
1308
1294
1294
1283
1283
1258
1244
1265
1340
1427
1295
1323
1280
1334
1294
1304
1481
1348
1252
1239
1372
1227
1276
1311
1208
1342
1389
1289
1298
1384
1220
1167
1287
1304
1262
1333
1293
1323
1290
1231
1275
1328
1238
1358
1253
1368
1304
1167
1316
1375
1238
1296
1313
1394
1213
1215
1299
1348
1323
1383
1264
1346
1326
1325
1313
1333
1337
1250
1411
1243
1324
1257
1357
1280
1202
1361
1218
1391
1301
1388
1271
1282
1316
program time:0.017529010772705078
